At time 1765900399.905654708
- Translation: [-0.000, -0.000, 0.000]
- Rotation: in Quaternion (xyzw) [0.000, 0.000, 0.200, 0.980]
- Rotation: in RPY (radian) [0.000, -0.000, 0.403]
- Rotation: in RPY (degree) [0.000, -0.000, 23.114]
- Matrix:
  0.920 -0.393  0.000 -0.000
  0.393  0.920  0.000 -0.000
  0.000  0.000  1.000  0.000
  0.000  0.000  0.000  1.000
At time 1765900401.138898875
- Translation: [-0.000, -0.000, 0.000]
- Rotation: in Quaternion (xyzw) [0.000, 0.000, 0.200, 0.980]
- Rotation: in RPY (radian) [0.000, -0.000, 0.403]
- Rotation: in RPY (degree) [0.000, -0.000, 23.084]
- Matrix:
  0.920 -0.392  0.000 -0.000
  0.392  0.920  0.000 -0.000
  0.000  0.000  1.000  0.000
  0.000  0.000  0.000  1.000
At time 1765900402.130693876
- Translation: [-0.000, -0.000, 0.000]
- Rotation: in Quaternion (xyzw) [0.000, 0.000, 0.200, 0.980]
- Rotation: in RPY (radian) [0.000, -0.000, 0.404]
- Rotation: in RPY (degree) [0.000, -0.000, 23.122]
- Matrix:
  0.920 -0.393  0.000 -0.000
  0.393  0.920  0.000 -0.000
  0.000  0.000  1.000  0.000
  0.000  0.000  0.000  1.000
At time 1765900403.138817460
- Translation: [-0.000, -0.000, 0.000]
- Rotation: in Quaternion (xyzw) [0.000, 0.000, 0.202, 0.979]
- Rotation: in RPY (radian) [0.000, -0.000, 0.407]
- Rotation: in RPY (degree) [0.000, -0.000, 23.305]
- Matrix:
  0.918 -0.396  0.000 -0.000
  0.396  0.918  0.000 -0.000
  0.000  0.000  1.000  0.000
  0.000  0.000  0.000  1.000
At time 1765900404.130400877
- Translation: [-0.000, -0.000, 0.000]
- Rotation: in Quaternion (xyzw) [0.000, 0.000, 0.202, 0.979]
- Rotation: in RPY (radian) [0.000, -0.000, 0.406]
- Rotation: in RPY (degree) [0.000, -0.000, 23.260]
- Matrix:
  0.919 -0.395  0.000 -0.000
  0.395  0.919  0.000 -0.000
  0.000  0.000  1.000  0.000
  0.000  0.000  0.000  1.000
At time 1765900405.137497461
- Translation: [-0.000, -0.000, 0.000]
- Rotation: in Quaternion (xyzw) [0.000, 0.000, 0.202, 0.979]
- Rotation: in RPY (radian) [0.000, -0.000, 0.406]
- Rotation: in RPY (degree) [0.000, -0.000, 23.287]
- Matrix:
  0.919 -0.395  0.000 -0.000
  0.395  0.919  0.000 -0.000
  0.000  0.000  1.000  0.000
  0.000  0.000  0.000  1.000
At time 1765900406.135692920
- Translation: [-0.000, -0.000, 0.000]
- Rotation: in Quaternion (xyzw) [0.000, 0.000, 0.195, 0.981]
- Rotation: in RPY (radian) [0.000, -0.000, 0.393]
- Rotation: in RPY (degree) [0.000, -0.000, 22.522]
- Matrix:
  0.924 -0.383  0.000 -0.000
  0.383  0.924  0.000 -0.000
  0.000  0.000  1.000  0.000
  0.000  0.000  0.000  1.000
At time 1765900407.124934962
- Translation: [-0.000, -0.000, 0.000]
- Rotation: in Quaternion (xyzw) [0.000, 0.000, 0.186, 0.983]
- Rotation: in RPY (radian) [0.000, -0.000, 0.373]
- Rotation: in RPY (degree) [0.000, -0.000, 21.398]
- Matrix:
  0.931 -0.365  0.000 -0.000
  0.365  0.931  0.000 -0.000
  0.000  0.000  1.000  0.000
  0.000  0.000  0.000  1.000
At time 1765900408.131799920
- Translation: [-0.000, -0.000, 0.000]
- Rotation: in Quaternion (xyzw) [0.000, 0.000, 0.233, 0.973]
- Rotation: in RPY (radian) [0.000, -0.000, 0.470]
- Rotation: in RPY (degree) [0.000, -0.000, 26.906]
- Matrix:
  0.892 -0.453  0.000 -0.000
  0.453  0.892  0.000 -0.000
  0.000  0.000  1.000  0.000
  0.000  0.000  0.000  1.000
At time 1765900409.142563129
- Translation: [-0.000, -0.000, 0.000]
- Rotation: in Quaternion (xyzw) [0.000, 0.000, 0.233, 0.972]
- Rotation: in RPY (radian) [0.000, -0.000, 0.470]
- Rotation: in RPY (degree) [0.000, -0.000, 26.952]
- Matrix:
  0.891 -0.453  0.000 -0.000
  0.453  0.891  0.000 -0.000
  0.000  0.000  1.000  0.000
  0.000  0.000  0.000  1.000
At time 1765900410.135638921
- Translation: [0.000, 0.000, 0.000]
- Rotation: in Quaternion (xyzw) [0.000, 0.000, 0.233, 0.972]
- Rotation: in RPY (radian) [0.000, -0.000, 0.470]
- Rotation: in RPY (degree) [0.000, -0.000, 26.950]
- Matrix:
  0.891 -0.453  0.000  0.000
  0.453  0.891  0.000  0.000
  0.000  0.000  1.000  0.000
  0.000  0.000  0.000  1.000
At time 1765900411.123275214
- Translation: [0.000, 0.000, 0.000]
- Rotation: in Quaternion (xyzw) [0.000, 0.000, 0.233, 0.972]
- Rotation: in RPY (radian) [0.000, -0.000, 0.470]
- Rotation: in RPY (degree) [0.000, -0.000, 26.950]
- Matrix:
  0.891 -0.453  0.000  0.000
  0.453  0.891  0.000  0.000
  0.000  0.000  1.000  0.000
  0.000  0.000  0.000  1.000
At time 1765900412.133767381
- Translation: [0.000, 0.000, 0.000]
- Rotation: in Quaternion (xyzw) [0.000, 0.000, 0.233, 0.972]
- Rotation: in RPY (radian) [0.000, -0.000, 0.470]
- Rotation: in RPY (degree) [0.000, -0.000, 26.950]
- Matrix:
  0.891 -0.453  0.000  0.000
  0.453  0.891  0.000  0.000
  0.000  0.000  1.000  0.000
  0.000  0.000  0.000  1.000
At time 1765900413.126302048
- Translation: [0.000, 0.000, 0.000]
- Rotation: in Quaternion (xyzw) [0.000, 0.000, 0.233, 0.972]
- Rotation: in RPY (radian) [0.000, -0.000, 0.470]
- Rotation: in RPY (degree) [0.000, -0.000, 26.950]
- Matrix:
  0.891 -0.453  0.000  0.000
  0.453  0.891  0.000  0.000
  0.000  0.000  1.000  0.000
  0.000  0.000  0.000  1.000
At time 1765900414.131444007
- Translation: [0.000, 0.000, 0.000]
- Rotation: in Quaternion (xyzw) [0.000, 0.000, 0.233, 0.972]
- Rotation: in RPY (radian) [0.000, -0.000, 0.470]
- Rotation: in RPY (degree) [0.000, -0.000, 26.950]
- Matrix:
  0.891 -0.453  0.000  0.000
  0.453  0.891  0.000  0.000
  0.000  0.000  1.000  0.000
  0.000  0.000  0.000  1.000
At time 1765900415.141649215
- Translation: [0.000, 0.000, 0.000]
- Rotation: in Quaternion (xyzw) [0.000, 0.000, 0.233, 0.972]
- Rotation: in RPY (radian) [0.000, -0.000, 0.470]
- Rotation: in RPY (degree) [0.000, -0.000, 26.950]
- Matrix:
  0.891 -0.453  0.000  0.000
  0.453  0.891  0.000  0.000
  0.000  0.000  1.000  0.000
  0.000  0.000  0.000  1.000
At time 1765900416.132629216
- Translation: [0.000, 0.000, 0.000]
- Rotation: in Quaternion (xyzw) [0.000, 0.000, 0.233, 0.972]
- Rotation: in RPY (radian) [0.000, -0.000, 0.470]
- Rotation: in RPY (degree) [0.000, -0.000, 26.950]
- Matrix:
  0.891 -0.453  0.000  0.000
  0.453  0.891  0.000  0.000
  0.000  0.000  1.000  0.000
  0.000  0.000  0.000  1.000
At time 1765900417.141745508
- Translation: [0.000, 0.000, 0.000]
- Rotation: in Quaternion (xyzw) [0.000, 0.000, 0.233, 0.972]
- Rotation: in RPY (radian) [0.000, -0.000, 0.470]
- Rotation: in RPY (degree) [0.000, -0.000, 26.950]
- Matrix:
  0.891 -0.453  0.000  0.000
  0.453  0.891  0.000  0.000
  0.000  0.000  1.000  0.000
  0.000  0.000  0.000  1.000
At time 1765900418.132592592
- Translation: [0.000, 0.000, 0.000]
- Rotation: in Quaternion (xyzw) [0.000, 0.000, 0.233, 0.972]
- Rotation: in RPY (radian) [0.000, -0.000, 0.470]
- Rotation: in RPY (degree) [0.000, -0.000, 26.950]
- Matrix:
  0.891 -0.453  0.000  0.000
  0.453  0.891  0.000  0.000
  0.000  0.000  1.000  0.000
  0.000  0.000  0.000  1.000
At time 1765900419.140786009
- Translation: [0.000, 0.000, 0.000]
- Rotation: in Quaternion (xyzw) [0.000, 0.000, 0.233, 0.972]
- Rotation: in RPY (radian) [0.000, -0.000, 0.470]
- Rotation: in RPY (degree) [0.000, -0.000, 26.950]
- Matrix:
  0.891 -0.453  0.000  0.000
  0.453  0.891  0.000  0.000
  0.000  0.000  1.000  0.000
  0.000  0.000  0.000  1.000
At time 1765900420.132495968
- Translation: [0.000, 0.000, 0.000]
- Rotation: in Quaternion (xyzw) [0.000, 0.000, 0.233, 0.972]
- Rotation: in RPY (radian) [0.000, -0.000, 0.470]
- Rotation: in RPY (degree) [0.000, -0.000, 26.950]
- Matrix:
  0.891 -0.453  0.000  0.000
  0.453  0.891  0.000  0.000
  0.000  0.000  1.000  0.000
  0.000  0.000  0.000  1.000
At time 1765900421.139548135
- Translation: [0.000, 0.000, 0.000]
- Rotation: in Quaternion (xyzw) [0.000, 0.000, 0.233, 0.972]
- Rotation: in RPY (radian) [0.000, -0.000, 0.470]
- Rotation: in RPY (degree) [0.000, -0.000, 26.950]
- Matrix:
  0.891 -0.453  0.000  0.000
  0.453  0.891  0.000  0.000
  0.000  0.000  1.000  0.000
  0.000  0.000  0.000  1.000
At time 1765900422.136291135
- Translation: [0.000, 0.000, 0.000]
- Rotation: in Quaternion (xyzw) [0.000, 0.000, 0.233, 0.972]
- Rotation: in RPY (radian) [0.000, -0.000, 0.470]
- Rotation: in RPY (degree) [0.000, -0.000, 26.950]
- Matrix:
  0.891 -0.453  0.000  0.000
  0.453  0.891  0.000  0.000
  0.000  0.000  1.000  0.000
  0.000  0.000  0.000  1.000
At time 1765900423.142491344
- Translation: [0.000, 0.000, 0.000]
- Rotation: in Quaternion (xyzw) [0.000, 0.000, 0.233, 0.972]
- Rotation: in RPY (radian) [0.000, -0.000, 0.470]
- Rotation: in RPY (degree) [0.000, -0.000, 26.950]
- Matrix:
  0.891 -0.453  0.000  0.000
  0.453  0.891  0.000  0.000
  0.000  0.000  1.000  0.000
  0.000  0.000  0.000  1.000
At time 1765900424.134345136
- Translation: [0.000, 0.000, 0.000]
- Rotation: in Quaternion (xyzw) [0.000, 0.000, 0.233, 0.972]
- Rotation: in RPY (radian) [0.000, -0.000, 0.470]
- Rotation: in RPY (degree) [0.000, -0.000, 26.950]
- Matrix:
  0.891 -0.453  0.000  0.000
  0.453  0.891  0.000  0.000
  0.000  0.000  1.000  0.000
  0.000  0.000  0.000  1.000
At time 1765900425.139369387
- Translation: [0.000, 0.000, 0.000]
- Rotation: in Quaternion (xyzw) [0.000, 0.000, 0.233, 0.972]
- Rotation: in RPY (radian) [0.000, -0.000, 0.470]
- Rotation: in RPY (degree) [0.000, -0.000, 26.950]
- Matrix:
  0.891 -0.453  0.000  0.000
  0.453  0.891  0.000  0.000
  0.000  0.000  1.000  0.000
  0.000  0.000  0.000  1.000
At time 1765900426.132649054
- Translation: [0.000, 0.000, 0.000]
- Rotation: in Quaternion (xyzw) [0.000, 0.000, 0.233, 0.972]
- Rotation: in RPY (radian) [0.000, -0.000, 0.470]
- Rotation: in RPY (degree) [0.000, -0.000, 26.950]
- Matrix:
  0.891 -0.453  0.000  0.000
  0.453  0.891  0.000  0.000
  0.000  0.000  1.000  0.000
  0.000  0.000  0.000  1.000
At time 1765900427.124549055
- Translation: [0.000, 0.000, 0.000]
- Rotation: in Quaternion (xyzw) [0.000, 0.000, 0.233, 0.972]
- Rotation: in RPY (radian) [0.000, -0.000, 0.470]
- Rotation: in RPY (degree) [0.000, -0.000, 26.950]
- Matrix:
  0.891 -0.453  0.000  0.000
  0.453  0.891  0.000  0.000
  0.000  0.000  1.000  0.000
  0.000  0.000  0.000  1.000
At time 1765900428.133516722
- Translation: [0.000, 0.000, 0.000]
- Rotation: in Quaternion (xyzw) [0.000, 0.000, 0.233, 0.972]
- Rotation: in RPY (radian) [0.000, -0.000, 0.470]
- Rotation: in RPY (degree) [0.000, -0.000, 26.950]
- Matrix:
  0.891 -0.453  0.000  0.000
  0.453  0.891  0.000  0.000
  0.000  0.000  1.000  0.000
  0.000  0.000  0.000  1.000
At time 1765900429.138568208
- Translation: [0.000, 0.000, 0.000]
- Rotation: in Quaternion (xyzw) [0.000, 0.000, 0.233, 0.972]
- Rotation: in RPY (radian) [0.000, -0.000, 0.470]
- Rotation: in RPY (degree) [0.000, -0.000, 26.950]
- Matrix:
  0.891 -0.453  0.000  0.000
  0.453  0.891  0.000  0.000
  0.000  0.000  1.000  0.000
  0.000  0.000  0.000  1.000
At time 1765900430.133260625
- Translation: [0.000, 0.000, 0.000]
- Rotation: in Quaternion (xyzw) [0.000, 0.000, 0.233, 0.972]
- Rotation: in RPY (radian) [0.000, -0.000, 0.470]
- Rotation: in RPY (degree) [0.000, -0.000, 26.950]
- Matrix:
  0.891 -0.453  0.000  0.000
  0.453  0.891  0.000  0.000
  0.000  0.000  1.000  0.000
  0.000  0.000  0.000  1.000
At time 1765900431.138130334
- Translation: [0.000, 0.000, 0.000]
- Rotation: in Quaternion (xyzw) [0.000, 0.000, 0.233, 0.972]
- Rotation: in RPY (radian) [0.000, -0.000, 0.470]
- Rotation: in RPY (degree) [0.000, -0.000, 26.950]
- Matrix:
  0.891 -0.453  0.000  0.000
  0.453  0.891  0.000  0.000
  0.000  0.000  1.000  0.000
  0.000  0.000  0.000  1.000
At time 1765900432.131397001
- Translation: [0.000, 0.000, 0.000]
- Rotation: in Quaternion (xyzw) [0.000, 0.000, 0.233, 0.972]
- Rotation: in RPY (radian) [0.000, -0.000, 0.470]
- Rotation: in RPY (degree) [0.000, -0.000, 26.950]
- Matrix:
  0.891 -0.453  0.000  0.000
  0.453  0.891  0.000  0.000
  0.000  0.000  1.000  0.000
  0.000  0.000  0.000  1.000
At time 1765900433.141037585
- Translation: [0.000, 0.000, 0.000]
- Rotation: in Quaternion (xyzw) [0.000, 0.000, 0.233, 0.972]
- Rotation: in RPY (radian) [0.000, -0.000, 0.470]
- Rotation: in RPY (degree) [0.000, -0.000, 26.950]
- Matrix:
  0.891 -0.453  0.000  0.000
  0.453  0.891  0.000  0.000
  0.000  0.000  1.000  0.000
  0.000  0.000  0.000  1.000
At time 1765900434.130346919
- Translation: [0.000, 0.000, 0.000]
- Rotation: in Quaternion (xyzw) [0.000, 0.000, 0.233, 0.972]
- Rotation: in RPY (radian) [0.000, -0.000, 0.470]
- Rotation: in RPY (degree) [0.000, -0.000, 26.950]
- Matrix:
  0.891 -0.453  0.000  0.000
  0.453  0.891  0.000  0.000
  0.000  0.000  1.000  0.000
  0.000  0.000  0.000  1.000
At time 1765900435.142050627
- Translation: [0.000, 0.000, 0.000]
- Rotation: in Quaternion (xyzw) [0.000, 0.000, 0.233, 0.972]
- Rotation: in RPY (radian) [0.000, -0.000, 0.470]
- Rotation: in RPY (degree) [0.000, -0.000, 26.950]
- Matrix:
  0.891 -0.453  0.000  0.000
  0.453  0.891  0.000  0.000
  0.000  0.000  1.000  0.000
  0.000  0.000  0.000  1.000
At time 1765900436.133270128
- Translation: [0.000, 0.000, 0.000]
- Rotation: in Quaternion (xyzw) [0.000, 0.000, 0.233, 0.972]
- Rotation: in RPY (radian) [0.000, -0.000, 0.470]
- Rotation: in RPY (degree) [0.000, -0.000, 26.950]
- Matrix:
  0.891 -0.453  0.000  0.000
  0.453  0.891  0.000  0.000
  0.000  0.000  1.000  0.000
  0.000  0.000  0.000  1.000
At time 1765900437.140856712
- Translation: [0.000, 0.000, 0.000]
- Rotation: in Quaternion (xyzw) [0.000, 0.000, 0.233, 0.972]
- Rotation: in RPY (radian) [0.000, -0.000, 0.470]
- Rotation: in RPY (degree) [0.000, -0.000, 26.950]
- Matrix:
  0.891 -0.453  0.000  0.000
  0.453  0.891  0.000  0.000
  0.000  0.000  1.000  0.000
  0.000  0.000  0.000  1.000
At time 1765900438.133223795
- Translation: [0.000, 0.000, 0.000]
- Rotation: in Quaternion (xyzw) [0.000, 0.000, 0.233, 0.972]
- Rotation: in RPY (radian) [0.000, -0.000, 0.470]
- Rotation: in RPY (degree) [0.000, -0.000, 26.950]
- Matrix:
  0.891 -0.453  0.000  0.000
  0.453  0.891  0.000  0.000
  0.000  0.000  1.000  0.000
  0.000  0.000  0.000  1.000
At time 1765900439.142136588
- Translation: [0.000, 0.000, 0.000]
- Rotation: in Quaternion (xyzw) [0.000, 0.000, 0.233, 0.972]
- Rotation: in RPY (radian) [0.000, -0.000, 0.470]
- Rotation: in RPY (degree) [0.000, -0.000, 26.950]
- Matrix:
  0.891 -0.453  0.000  0.000
  0.453  0.891  0.000  0.000
  0.000  0.000  1.000  0.000
  0.000  0.000  0.000  1.000
At time 1765900440.138236338
- Translation: [0.000, 0.000, 0.000]
- Rotation: in Quaternion (xyzw) [0.000, 0.000, 0.233, 0.972]
- Rotation: in RPY (radian) [0.000, -0.000, 0.470]
- Rotation: in RPY (degree) [0.000, -0.000, 26.950]
- Matrix:
  0.891 -0.453  0.000  0.000
  0.453  0.891  0.000  0.000
  0.000  0.000  1.000  0.000
  0.000  0.000  0.000  1.000
At time 1765900441.137783964
- Translation: [0.000, 0.000, 0.000]
- Rotation: in Quaternion (xyzw) [0.000, 0.000, 0.233, 0.972]
- Rotation: in RPY (radian) [0.000, -0.000, 0.470]
- Rotation: in RPY (degree) [0.000, -0.000, 26.950]
- Matrix:
  0.891 -0.453  0.000  0.000
  0.453  0.891  0.000  0.000
  0.000  0.000  1.000  0.000
  0.000  0.000  0.000  1.000
At time 1765900442.133809089
- Translation: [0.000, 0.000, 0.000]
- Rotation: in Quaternion (xyzw) [0.000, 0.000, 0.233, 0.972]
- Rotation: in RPY (radian) [0.000, -0.000, 0.470]
- Rotation: in RPY (degree) [0.000, -0.000, 26.950]
- Matrix:
  0.891 -0.453  0.000  0.000
  0.453  0.891  0.000  0.000
  0.000  0.000  1.000  0.000
  0.000  0.000  0.000  1.000
At time 1765900443.139286631
- Translation: [0.000, 0.000, 0.000]
- Rotation: in Quaternion (xyzw) [0.000, 0.000, 0.233, 0.972]
- Rotation: in RPY (radian) [0.000, -0.000, 0.470]
- Rotation: in RPY (degree) [0.000, -0.000, 26.950]
- Matrix:
  0.891 -0.453  0.000  0.000
  0.453  0.891  0.000  0.000
  0.000  0.000  1.000  0.000
  0.000  0.000  0.000  1.000
At time 1765900444.147292715
- Translation: [0.000, 0.000, 0.000]
- Rotation: in Quaternion (xyzw) [0.000, 0.000, 0.233, 0.972]
- Rotation: in RPY (radian) [0.000, -0.000, 0.470]
- Rotation: in RPY (degree) [0.000, -0.000, 26.950]
- Matrix:
  0.891 -0.453  0.000  0.000
  0.453  0.891  0.000  0.000
  0.000  0.000  1.000  0.000
  0.000  0.000  0.000  1.000
At time 1765900445.138303507
- Translation: [0.000, 0.000, 0.000]
- Rotation: in Quaternion (xyzw) [0.000, 0.000, 0.233, 0.972]
- Rotation: in RPY (radian) [0.000, -0.000, 0.470]
- Rotation: in RPY (degree) [0.000, -0.000, 26.950]
- Matrix:
  0.891 -0.453  0.000  0.000
  0.453  0.891  0.000  0.000
  0.000  0.000  1.000  0.000
  0.000  0.000  0.000  1.000
At time 1765900446.131299924
- Translation: [0.000, 0.000, 0.000]
- Rotation: in Quaternion (xyzw) [0.000, 0.000, 0.233, 0.972]
- Rotation: in RPY (radian) [0.000, -0.000, 0.470]
- Rotation: in RPY (degree) [0.000, -0.000, 26.950]
- Matrix:
  0.891 -0.453  0.000  0.000
  0.453  0.891  0.000  0.000
  0.000  0.000  1.000  0.000
  0.000  0.000  0.000  1.000
At time 1765900447.138946758
- Translation: [0.000, 0.000, 0.000]
- Rotation: in Quaternion (xyzw) [0.000, 0.000, 0.233, 0.972]
- Rotation: in RPY (radian) [0.000, -0.000, 0.470]
- Rotation: in RPY (degree) [0.000, -0.000, 26.950]
- Matrix:
  0.891 -0.453  0.000  0.000
  0.453  0.891  0.000  0.000
  0.000  0.000  1.000  0.000
  0.000  0.000  0.000  1.000
At time 1765900448.132010175
- Translation: [0.000, 0.000, 0.000]
- Rotation: in Quaternion (xyzw) [0.000, 0.000, 0.233, 0.972]
- Rotation: in RPY (radian) [0.000, -0.000, 0.470]
- Rotation: in RPY (degree) [0.000, -0.000, 26.950]
- Matrix:
  0.891 -0.453  0.000  0.000
  0.453  0.891  0.000  0.000
  0.000  0.000  1.000  0.000
  0.000  0.000  0.000  1.000
